aba;(8,1);(10,5);(17,1);(18,1)
ababahr;(8,3)
abacial;(4,1)
abacá;(18,2)
abad;(4,12);(7,1);(9,5);(12,1);(19,7)
abadejo;(9,2);(10,1)
abades;(4,1);(9,1);(12,1);(17,1)
abadesa;(0,5);(3,1);(9,2);(12,19);(19,2)
abadesas;(12,1)
abadía;(3,2);(4,17);(7,4);(19,42)
abadías;(4,5)
abaja;(0,1);(9,1)
abajan;(9,1)
abajar;(0,2)
abajarse;(9,2)
abaje;(0,1)
abajen;(9,1)
abajo;(0,9);(1,30);(2,32);(3,49);(4,41);(5,19);(6,30);(7,29);(8,10);(9,41);(10,35);(11,16);(12,43);(13,51);(14,55);(15,9);(16,39);(17,31);(18,91);(19,15)
abajó;(0,2);(9,2)
abalancé;(8,1)
abalanza;(2,1);(7,1);(17,1)
abalanzaba;(2,1);(7,1);(12,1)
abalanzaban;(4,1);(13,1);(15,1)
abalanzado;(4,1);(12,1)
abalanzaron;(7,1);(8,1);(15,1);(19,1)
abalanzarse;(2,1);(4,1);(5,1);(10,2);(15,4);(17,1);(19,1)
abalanzaría;(15,1)
abalanzo;(2,1)
abalanzándose;(4,1);(6,1);(15,1);(17,1)
abalanzó;(1,1);(2,1);(3,4);(4,5);(5,1);(6,1);(7,1);(8,2);(10,1);(12,2);(15,2);(19,9)
abalienado;(18,1)
abalorio;(0,1);(4,1)
abalorios;(4,3)
abalánzase;(9,1)
aban;(10,1);(18,1)
abanderado;(18,1)
abandona;(2,6);(3,2);(4,4);(5,2);(7,11);(10,2);(11,1);(12,1);(13,2);(14,3);(15,1);(16,1);(17,5);(18,2)
abandonaba;(2,2);(3,9);(5,2);(6,1);(7,3);(8,1);(10,1);(11,2);(12,2);(13,6);(14,8);(15,4);(16,6);(17,2);(18,1)
abandonaban;(3,1);(5,1);(6,2);(7,2);(11,1);(13,3);(14,1);(15,1);(16,1);(17,2)
abandonad;(2,1);(7,1);(19,2)
abandonada;(1,1);(2,7);(3,12);(4,6);(5,1);(7,18);(8,2);(10,4);(11,8);(12,2);(13,9);(14,4);(15,1);(17,4);(18,3)
abandonadas;(3,2);(10,1);(11,2);(12,1);(13,4);(18,1)
abandonado;(1,4);(2,25);(3,23);(4,16);(5,14);(6,11);(7,25);(8,8);(10,6);(11,36);(12,10);(13,22);(14,11);(15,12);(16,14);(17,12);(18,11);(19,1)
abandonados;(3,2);(4,5);(5,2);(7,3);(11,1);(12,3);(13,4);(14,3);(16,1);(17,1)
abandonamos;(2,1);(3,5);(8,2)
abandonan;(1,1);(2,4);(4,1);(6,1);(7,3);(11,2);(13,1);(15,1);(16,1);(17,4);(18,3)
abandonando;(2,7);(3,1);(5,2);(7,19);(8,1);(10,1);(11,3);(12,1);(13,5);(14,1);(15,4);(16,1);(17,3);(18,3)
abandonar;(1,5);(2,19);(3,10);(4,5);(5,11);(6,5);(7,34);(8,4);(10,17);(11,20);(12,15);(13,19);(14,14);(15,15);(16,7);(17,12);(18,9);(19,11)
abandonara;(3,3);(7,3);(10,1);(12,1);(15,2);(16,2);(17,1)
abandonaran;(5,1);(7,1);(11,1);(12,1);(17,2);(19,1)
abandonaras;(13,1)
abandonaremos;(1,2);(2,1);(5,1);(19,2)
abandonaria;(7,3)
abandonarla;(2,1);(3,1);(5,1);(7,2);(8,1);(10,1);(11,4);(12,1);(13,9);(15,4);(17,1)
abandonarlas;(13,1);(15,1);(18,1)
abandonarle;(2,2);(3,1);(6,1);(7,3);(15,2);(16,1);(19,1)
abandonarles;(7,1)
abandonarlo;(2,2);(3,2);(6,1);(7,2);(10,3);(11,2);(12,2);(13,3);(14,1);(15,1);(16,2);(17,2)
abandonarlos;(2,1);(13,1)
abandonarme;(2,2);(3,2);(7,1);(8,1);(9,1);(10,3);(15,2);(17,1)
abandonarnos;(12,1);(17,1)
abandonaron;(1,1);(2,4);(4,1);(5,3);(7,8);(8,1);(10,1);(11,11);(13,6);(14,4);(15,3);(16,1);(17,4)
abandonaros;(2,2);(6,1);(13,1)
abandonarse;(2,1);(3,1);(5,1);(11,1);(12,2);(14,1);(16,1)
abandonarte;(2,2);(3,1);(7,1);(8,2);(15,1)
abandonará;(2,2);(3,2);(6,1);(8,1);(12,4);(15,2);(16,1);(19,2)
abandonarán;(1,2);(10,1);(12,1)
abandonarás;(2,1);(6,2);(8,1);(11,1);(15,1);(16,1);(17,1)
aarón;(2,1)
ab;(0,1);(17,2)
abandonaré;(2,2);(3,11);(5,1);(7,1);(8,1);(12,2);(13,3);(14,2);(16,1);(17,1);(18,1);(19,1)
abandonaréis;(2,2)
abandonaría;(2,1);(3,5);(5,1);(8,1);(10,1);(13,1);(15,3);(17,1)
abandonarían;(1,1);(11,1);(12,1);(15,1);(18,1)
abandonas;(2,1);(3,1);(7,2);(8,2);(13,1);(15,1)
abandonase;(4,1);(7,2);(8,1);(10,1);(12,1);(13,2);(16,1);(17,1);(19,1)
abandonasen;(1,1);(8,1);(11,1);(13,1)
abandone;(1,1);(3,2);(5,1);(7,3);(10,3);(12,1);(14,1);(15,3);(16,2);(17,1);(19,4)
abandonemos;(1,1);(7,1);(19,1)
abandonen;(1,1);(7,1);(8,1);(12,1);(17,1);(18,1)
abandones;(2,2);(5,1);(6,2);(8,1);(13,1);(15,4);(17,1);(19,1)
abandono;(2,5);(3,7);(4,5);(5,2);(6,2);(7,3);(8,4);(10,4);(11,3);(12,7);(13,6);(14,3);(15,1);(16,1);(17,9);(18,3);(19,1)
abandonáis;(2,1);(15,1)
abandonándolas;(8,1)
abandonándole;(5,1);(16,1)
abandonándolo;(7,1)
abandonándose;(7,1);(13,1);(14,1)
abandonársela;(2,1)
abandonásemos;(7,1)
abandoné;(2,1);(3,8);(7,3);(8,3);(10,3);(16,1);(17,3)
abandonéis;(1,1);(2,2);(12,2);(15,1);(17,1)
abandonémoslo;(18,1)
abandonó;(1,4);(2,11);(3,10);(4,1);(5,4);(6,2);(7,24);(8,5);(10,9);(11,1);(12,5);(13,15);(14,6);(15,10);(16,3);(17,9);(18,4);(19,12)
abandonóse;(7,1)
abandónese;(6,1)
abanica;(18,2)
abanicaba;(3,1)
abanicaban;(13,2);(15,1)
abanicarles;(13,1)
abanicarse;(3,1)
